optimized = [
kij 0 0 100 kij 0 100 100 kij 0 200 100 kij 0 300 100 
kij 100 0 100 kij 100 100 100 kij 100 200 100 kij 100 300 100 
kij 200 0 100 kij 200 100 100 kij 200 200 100 kij 200 300 100 
kij 300 0 100 kij 300 100 100 kij 300 200 100 kij 300 300 100 
kij 0 0 100 kij 0 100 100 kij 0 200 100 kij 0 300 100 
kij 100 0 100 kij 100 100 100 kij 100 200 100 kij 100 300 100 
kij 200 0 100 kij 200 100 100 kij 200 200 100 kij 200 300 100 
kij 300 0 100 kij 300 100 100 kij 300 200 100 kij 300 300 100 
400 8.222522e+00 3.724062e+01 
kij 0 0 100 kij 0 100 100 kij 0 200 100 kij 0 300 100 kij 0 400 100 
kij 100 0 100 kij 100 100 100 kij 100 200 100 kij 100 300 100 kij 100 400 100 
kij 200 0 100 kij 200 100 100 kij 200 200 100 kij 200 300 100 kij 200 400 100 
kij 300 0 100 kij 300 100 100 kij 300 200 100 kij 300 300 100 kij 300 400 100 
kij 400 0 100 kij 400 100 100 kij 400 200 100 kij 400 300 100 kij 400 400 100 
kij 0 0 100 kij 0 100 100 kij 0 200 100 kij 0 300 100 kij 0 400 100 
kij 100 0 100 kij 100 100 100 kij 100 200 100 kij 100 300 100 kij 100 400 100 
kij 200 0 100 kij 200 100 100 kij 200 200 100 kij 200 300 100 kij 200 400 100 
kij 300 0 100 kij 300 100 100 kij 300 200 100 kij 300 300 100 kij 300 400 100 
kij 400 0 100 kij 400 100 100 kij 400 200 100 kij 400 300 100 kij 400 400 100 
500 1.032802e+01 4.028017e+01 
kij 0 0 100 kij 0 100 100 kij 0 200 100 kij 0 300 100 kij 0 400 100 kij 0 500 100 
kij 100 0 100 kij 100 100 100 kij 100 200 100 kij 100 300 100 kij 100 400 100 kij 100 500 100 
kij 200 0 100 kij 200 100 100 kij 200 200 100 kij 200 300 100 kij 200 400 100 kij 200 500 100 
kij 300 0 100 kij 300 100 100 kij 300 200 100 kij 300 300 100 kij 300 400 100 kij 300 500 100 
kij 400 0 100 kij 400 100 100 kij 400 200 100 kij 400 300 100 kij 400 400 100 kij 400 500 100 
kij 500 0 100 kij 500 100 100 kij 500 200 100 kij 500 300 100 kij 500 400 100 kij 500 500 100 
kij 0 0 100 kij 0 100 100 kij 0 200 100 kij 0 300 100 kij 0 400 100 kij 0 500 100 
kij 100 0 100 kij 100 100 100 kij 100 200 100 kij 100 300 100 kij 100 400 100 kij 100 500 100 
kij 200 0 100 kij 200 100 100 kij 200 200 100 kij 200 300 100 kij 200 400 100 kij 200 500 100 
kij 300 0 100 kij 300 100 100 kij 300 200 100 kij 300 300 100 kij 300 400 100 kij 300 500 100 
kij 400 0 100 kij 400 100 100 kij 400 200 100 kij 400 300 100 kij 400 400 100 kij 400 500 100 
kij 500 0 100 kij 500 100 100 kij 500 200 100 kij 500 300 100 kij 500 400 100 kij 500 500 100 
600 1.234145e+01 3.912201e+01 
kij 0 0 100 kij 0 100 100 kij 0 200 100 kij 0 300 100 kij 0 400 100 kij 0 500 100 kij 0 600 100 
kij 100 0 100 kij 100 100 100 kij 100 200 100 kij 100 300 100 kij 100 400 100 kij 100 500 100 kij 100 600 100 
kij 200 0 100 kij 200 100 100 kij 200 200 100 kij 200 300 100 kij 200 400 100 kij 200 500 100 kij 200 600 100 
kij 300 0 100 kij 300 100 100 kij 300 200 100 kij 300 300 100 kij 300 400 100 kij 300 500 100 kij 300 600 100 
kij 400 0 100 kij 400 100 100 kij 400 200 100 kij 400 300 100 kij 400 400 100 kij 400 500 100 kij 400 600 100 
kij 500 0 100 kij 500 100 100 kij 500 200 100 kij 500 300 100 kij 500 400 100 kij 500 500 100 kij 500 600 100 
kij 600 0 100 kij 600 100 100 kij 600 200 100 kij 600 300 100 kij 600 400 100 kij 600 500 100 kij 600 600 100 
kij 0 0 100 kij 0 100 100 kij 0 200 100 kij 0 300 100 kij 0 400 100 kij 0 500 100 kij 0 600 100 
kij 100 0 100 kij 100 100 100 kij 100 200 100 kij 100 300 100 kij 100 400 100 kij 100 500 100 kij 100 600 100 
kij 200 0 100 kij 200 100 100 kij 200 200 100 kij 200 300 100 kij 200 400 100 kij 200 500 100 kij 200 600 100 
kij 300 0 100 kij 300 100 100 kij 300 200 100 kij 300 300 100 kij 300 400 100 kij 300 500 100 kij 300 600 100 
kij 400 0 100 kij 400 100 100 kij 400 200 100 kij 400 300 100 kij 400 400 100 kij 400 500 100 kij 400 600 100 
kij 500 0 100 kij 500 100 100 kij 500 200 100 kij 500 300 100 kij 500 400 100 kij 500 500 100 kij 500 600 100 
kij 600 0 100 kij 600 100 100 kij 600 200 100 kij 600 300 100 kij 600 400 100 kij 600 500 100 kij 600 600 100 
700 1.393148e+01 4.556048e+01 
kij 0 0 100 kij 0 100 100 kij 0 200 100 kij 0 300 100 kij 0 400 100 kij 0 500 100 kij 0 600 100 kij 0 700 100 
kij 100 0 100 kij 100 100 100 kij 100 200 100 kij 100 300 100 kij 100 400 100 kij 100 500 100 kij 100 600 100 kij 100 700 100 
kij 200 0 100 kij 200 100 100 kij 200 200 100 kij 200 300 100 kij 200 400 100 kij 200 500 100 kij 200 600 100 kij 200 700 100 
kij 300 0 100 kij 300 100 100 kij 300 200 100 kij 300 300 100 kij 300 400 100 kij 300 500 100 kij 300 600 100 kij 300 700 100 
kij 400 0 100 kij 400 100 100 kij 400 200 100 kij 400 300 100 kij 400 400 100 kij 400 500 100 kij 400 600 100 kij 400 700 100 
kij 500 0 100 kij 500 100 100 kij 500 200 100 kij 500 300 100 kij 500 400 100 kij 500 500 100 kij 500 600 100 kij 500 700 100 
kij 600 0 100 kij 600 100 100 kij 600 200 100 kij 600 300 100 kij 600 400 100 kij 600 500 100 kij 600 600 100 kij 600 700 100 
kij 700 0 100 kij 700 100 100 kij 700 200 100 kij 700 300 100 kij 700 400 100 kij 700 500 100 kij 700 600 100 kij 700 700 100 
kij 0 0 100 kij 0 100 100 kij 0 200 100 kij 0 300 100 kij 0 400 100 kij 0 500 100 kij 0 600 100 kij 0 700 100 
kij 100 0 100 kij 100 100 100 kij 100 200 100 kij 100 300 100 kij 100 400 100 kij 100 500 100 kij 100 600 100 kij 100 700 100 
kij 200 0 100 kij 200 100 100 kij 200 200 100 kij 200 300 100 kij 200 400 100 kij 200 500 100 kij 200 600 100 kij 200 700 100 
kij 300 0 100 kij 300 100 100 kij 300 200 100 kij 300 300 100 kij 300 400 100 kij 300 500 100 kij 300 600 100 kij 300 700 100 
kij 400 0 100 kij 400 100 100 kij 400 200 100 kij 400 300 100 kij 400 400 100 kij 400 500 100 kij 400 600 100 kij 400 700 100 
kij 500 0 100 kij 500 100 100 kij 500 200 100 kij 500 300 100 kij 500 400 100 kij 500 500 100 kij 500 600 100 kij 500 700 100 
kij 600 0 100 kij 600 100 100 kij 600 200 100 kij 600 300 100 kij 600 400 100 kij 600 500 100 kij 600 600 100 kij 600 700 100 
kij 700 0 100 kij 700 100 100 kij 700 200 100 kij 700 300 100 kij 700 400 100 kij 700 500 100 kij 700 600 100 kij 700 700 100 
800 1.599850e+01 5.051884e+01 
kij 0 0 100 kij 0 100 100 kij 0 200 100 kij 0 300 100 kij 0 400 100 kij 0 500 100 kij 0 600 100 kij 0 700 100 kij 0 800 100 
kij 100 0 100 kij 100 100 100 kij 100 200 100 kij 100 300 100 kij 100 400 100 kij 100 500 100 kij 100 600 100 kij 100 700 100 kij 100 800 100 
kij 200 0 100 kij 200 100 100 kij 200 200 100 kij 200 300 100 kij 200 400 100 kij 200 500 100 kij 200 600 100 kij 200 700 100 kij 200 800 100 
kij 300 0 100 kij 300 100 100 kij 300 200 100 kij 300 300 100 kij 300 400 100 kij 300 500 100 kij 300 600 100 kij 300 700 100 kij 300 800 100 
kij 400 0 100 kij 400 100 100 kij 400 200 100 kij 400 300 100 kij 400 400 100 kij 400 500 100 kij 400 600 100 kij 400 700 100 kij 400 800 100 
kij 500 0 100 kij 500 100 100 kij 500 200 100 kij 500 300 100 kij 500 400 100 kij 500 500 100 kij 500 600 100 kij 500 700 100 kij 500 800 100 
kij 600 0 100 kij 600 100 100 kij 600 200 100 kij 600 300 100 kij 600 400 100 kij 600 500 100 kij 600 600 100 kij 600 700 100 kij 600 800 100 
kij 700 0 100 kij 700 100 100 kij 700 200 100 kij 700 300 100 kij 700 400 100 kij 700 500 100 kij 700 600 100 kij 700 700 100 kij 700 800 100 
kij 800 0 100 kij 800 100 100 kij 800 200 100 kij 800 300 100 kij 800 400 100 kij 800 500 100 kij 800 600 100 kij 800 700 100 kij 800 800 100 
kij 0 0 100 kij 0 100 100 kij 0 200 100 kij 0 300 100 kij 0 400 100 kij 0 500 100 kij 0 600 100 kij 0 700 100 kij 0 800 100 
kij 100 0 100 kij 100 100 100 kij 100 200 100 kij 100 300 100 kij 100 400 100 kij 100 500 100 kij 100 600 100 kij 100 700 100 kij 100 800 100 
kij 200 0 100 kij 200 100 100 kij 200 200 100 kij 200 300 100 kij 200 400 100 kij 200 500 100 kij 200 600 100 kij 200 700 100 kij 200 800 100 
kij 300 0 100 kij 300 100 100 kij 300 200 100 kij 300 300 100 kij 300 400 100 kij 300 500 100 kij 300 600 100 kij 300 700 100 kij 300 800 100 
kij 400 0 100 kij 400 100 100 kij 400 200 100 kij 400 300 100 kij 400 400 100 kij 400 500 100 kij 400 600 100 kij 400 700 100 kij 400 800 100 
kij 500 0 100 kij 500 100 100 kij 500 200 100 kij 500 300 100 kij 500 400 100 kij 500 500 100 kij 500 600 100 kij 500 700 100 kij 500 800 100 
kij 600 0 100 kij 600 100 100 kij 600 200 100 kij 600 300 100 kij 600 400 100 kij 600 500 100 kij 600 600 100 kij 600 700 100 kij 600 800 100 
kij 700 0 100 kij 700 100 100 kij 700 200 100 kij 700 300 100 kij 700 400 100 kij 700 500 100 kij 700 600 100 kij 700 700 100 kij 700 800 100 
kij 800 0 100 kij 800 100 100 kij 800 200 100 kij 800 300 100 kij 800 400 100 kij 800 500 100 kij 800 600 100 kij 800 700 100 kij 800 800 100 
900 1.877100e+01 5.165347e+01 
kij 0 0 100 kij 0 100 100 kij 0 200 100 kij 0 300 100 kij 0 400 100 kij 0 500 100 kij 0 600 100 kij 0 700 100 kij 0 800 100 kij 0 900 100 
kij 100 0 100 kij 100 100 100 kij 100 200 100 kij 100 300 100 kij 100 400 100 kij 100 500 100 kij 100 600 100 kij 100 700 100 kij 100 800 100 kij 100 900 100 
kij 200 0 100 kij 200 100 100 kij 200 200 100 kij 200 300 100 kij 200 400 100 kij 200 500 100 kij 200 600 100 kij 200 700 100 kij 200 800 100 kij 200 900 100 
kij 300 0 100 kij 300 100 100 kij 300 200 100 kij 300 300 100 kij 300 400 100 kij 300 500 100 kij 300 600 100 kij 300 700 100 kij 300 800 100 kij 300 900 100 
kij 400 0 100 kij 400 100 100 kij 400 200 100 kij 400 300 100 kij 400 400 100 kij 400 500 100 kij 400 600 100 kij 400 700 100 kij 400 800 100 kij 400 900 100 
kij 500 0 100 kij 500 100 100 kij 500 200 100 kij 500 300 100 kij 500 400 100 kij 500 500 100 kij 500 600 100 kij 500 700 100 kij 500 800 100 kij 500 900 100 
kij 600 0 100 kij 600 100 100 kij 600 200 100 kij 600 300 100 kij 600 400 100 kij 600 500 100 kij 600 600 100 kij 600 700 100 kij 600 800 100 kij 600 900 100 
kij 700 0 100 kij 700 100 100 kij 700 200 100 kij 700 300 100 kij 700 400 100 kij 700 500 100 kij 700 600 100 kij 700 700 100 kij 700 800 100 kij 700 900 100 
kij 800 0 100 kij 800 100 100 kij 800 200 100 kij 800 300 100 kij 800 400 100 kij 800 500 100 kij 800 600 100 kij 800 700 100 kij 800 800 100 kij 800 900 100 
kij 900 0 100 kij 900 100 100 kij 900 200 100 kij 900 300 100 kij 900 400 100 kij 900 500 100 kij 900 600 100 kij 900 700 100 kij 900 800 100 kij 900 900 100 
kij 0 0 100 kij 0 100 100 kij 0 200 100 kij 0 300 100 kij 0 400 100 kij 0 500 100 kij 0 600 100 kij 0 700 100 kij 0 800 100 kij 0 900 100 
kij 100 0 100 kij 100 100 100 kij 100 200 100 kij 100 300 100 kij 100 400 100 kij 100 500 100 kij 100 600 100 kij 100 700 100 kij 100 800 100 kij 100 900 100 
kij 200 0 100 kij 200 100 100 kij 200 200 100 kij 200 300 100 kij 200 400 100 kij 200 500 100 kij 200 600 100 kij 200 700 100 kij 200 800 100 kij 200 900 100 
kij 300 0 100 kij 300 100 100 kij 300 200 100 kij 300 300 100 kij 300 400 100 kij 300 500 100 kij 300 600 100 kij 300 700 100 kij 300 800 100 kij 300 900 100 
kij 400 0 100 kij 400 100 100 kij 400 200 100 kij 400 300 100 kij 400 400 100 kij 400 500 100 kij 400 600 100 kij 400 700 100 kij 400 800 100 kij 400 900 100 
kij 500 0 100 kij 500 100 100 kij 500 200 100 kij 500 300 100 kij 500 400 100 kij 500 500 100 kij 500 600 100 kij 500 700 100 kij 500 800 100 kij 500 900 100 
kij 600 0 100 kij 600 100 100 kij 600 200 100 kij 600 300 100 kij 600 400 100 kij 600 500 100 kij 600 600 100 kij 600 700 100 kij 600 800 100 kij 600 900 100 
kij 700 0 100 kij 700 100 100 kij 700 200 100 kij 700 300 100 kij 700 400 100 kij 700 500 100 kij 700 600 100 kij 700 700 100 kij 700 800 100 kij 700 900 100 
kij 800 0 100 kij 800 100 100 kij 800 200 100 kij 800 300 100 kij 800 400 100 kij 800 500 100 kij 800 600 100 kij 800 700 100 kij 800 800 100 kij 800 900 100 
kij 900 0 100 kij 900 100 100 kij 900 200 100 kij 900 300 100 kij 900 400 100 kij 900 500 100 kij 900 600 100 kij 900 700 100 kij 900 800 100 kij 900 900 100 
1000 2.100421e+01 5.493417e+01 
kij 0 0 100 kij 0 100 100 kij 0 200 100 kij 0 300 100 kij 0 400 100 kij 0 500 100 kij 0 600 100 kij 0 700 100 kij 0 800 100 kij 0 900 100 kij 0 1000 100 
kij 100 0 100 kij 100 100 100 kij 100 200 100 kij 100 300 100 kij 100 400 100 kij 100 500 100 kij 100 600 100 kij 100 700 100 kij 100 800 100 kij 100 900 100 kij 100 1000 100 
kij 200 0 100 kij 200 100 100 kij 200 200 100 kij 200 300 100 kij 200 400 100 kij 200 500 100 kij 200 600 100 kij 200 700 100 kij 200 800 100 kij 200 900 100 kij 200 1000 100 
kij 300 0 100 kij 300 100 100 kij 300 200 100 kij 300 300 100 kij 300 400 100 kij 300 500 100 kij 300 600 100 kij 300 700 100 kij 300 800 100 kij 300 900 100 kij 300 1000 100 
kij 400 0 100 kij 400 100 100 kij 400 200 100 kij 400 300 100 kij 400 400 100 kij 400 500 100 kij 400 600 100 kij 400 700 100 kij 400 800 100 kij 400 900 100 kij 400 1000 100 
kij 500 0 100 kij 500 100 100 kij 500 200 100 kij 500 300 100 kij 500 400 100 kij 500 500 100 kij 500 600 100 kij 500 700 100 kij 500 800 100 kij 500 900 100 kij 500 1000 100 
kij 600 0 100 kij 600 100 100 kij 600 200 100 kij 600 300 100 kij 600 400 100 kij 600 500 100 kij 600 600 100 kij 600 700 100 kij 600 800 100 kij 600 900 100 kij 600 1000 100 
kij 700 0 100 kij 700 100 100 kij 700 200 100 kij 700 300 100 kij 700 400 100 kij 700 500 100 kij 700 600 100 kij 700 700 100 kij 700 800 100 kij 700 900 100 kij 700 1000 100 
kij 800 0 100 kij 800 100 100 kij 800 200 100 kij 800 300 100 kij 800 400 100 kij 800 500 100 kij 800 600 100 kij 800 700 100 kij 800 800 100 kij 800 900 100 kij 800 1000 100 
kij 900 0 100 kij 900 100 100 kij 900 200 100 kij 900 300 100 kij 900 400 100 kij 900 500 100 kij 900 600 100 kij 900 700 100 kij 900 800 100 kij 900 900 100 kij 900 1000 100 
kij 1000 0 100 kij 1000 100 100 kij 1000 200 100 kij 1000 300 100 kij 1000 400 100 kij 1000 500 100 kij 1000 600 100 kij 1000 700 100 kij 1000 800 100 kij 1000 900 100 kij 1000 1000 100 
kij 0 0 100 kij 0 100 100 kij 0 200 100 kij 0 300 100 kij 0 400 100 kij 0 500 100 kij 0 600 100 kij 0 700 100 kij 0 800 100 kij 0 900 100 kij 0 1000 100 
kij 100 0 100 kij 100 100 100 kij 100 200 100 kij 100 300 100 kij 100 400 100 kij 100 500 100 kij 100 600 100 kij 100 700 100 kij 100 800 100 kij 100 900 100 kij 100 1000 100 
kij 200 0 100 kij 200 100 100 kij 200 200 100 kij 200 300 100 kij 200 400 100 kij 200 500 100 kij 200 600 100 kij 200 700 100 kij 200 800 100 kij 200 900 100 kij 200 1000 100 
kij 300 0 100 kij 300 100 100 kij 300 200 100 kij 300 300 100 kij 300 400 100 kij 300 500 100 kij 300 600 100 kij 300 700 100 kij 300 800 100 kij 300 900 100 kij 300 1000 100 
kij 400 0 100 kij 400 100 100 kij 400 200 100 kij 400 300 100 kij 400 400 100 kij 400 500 100 kij 400 600 100 kij 400 700 100 kij 400 800 100 kij 400 900 100 kij 400 1000 100 
kij 500 0 100 kij 500 100 100 kij 500 200 100 kij 500 300 100 kij 500 400 100 kij 500 500 100 kij 500 600 100 kij 500 700 100 kij 500 800 100 kij 500 900 100 kij 500 1000 100 
kij 600 0 100 kij 600 100 100 kij 600 200 100 kij 600 300 100 kij 600 400 100 kij 600 500 100 kij 600 600 100 kij 600 700 100 kij 600 800 100 kij 600 900 100 kij 600 1000 100 
kij 700 0 100 kij 700 100 100 kij 700 200 100 kij 700 300 100 kij 700 400 100 kij 700 500 100 kij 700 600 100 kij 700 700 100 kij 700 800 100 kij 700 900 100 kij 700 1000 100 
kij 800 0 100 kij 800 100 100 kij 800 200 100 kij 800 300 100 kij 800 400 100 kij 800 500 100 kij 800 600 100 kij 800 700 100 kij 800 800 100 kij 800 900 100 kij 800 1000 100 
kij 900 0 100 kij 900 100 100 kij 900 200 100 kij 900 300 100 kij 900 400 100 kij 900 500 100 kij 900 600 100 kij 900 700 100 kij 900 800 100 kij 900 900 100 kij 900 1000 100 
kij 1000 0 100 kij 1000 100 100 kij 1000 200 100 kij 1000 300 100 kij 1000 400 100 kij 1000 500 100 kij 1000 600 100 kij 1000 700 100 kij 1000 800 100 kij 1000 900 100 kij 1000 1000 100 
1100 2.264241e+01 6.044557e+01 
kij 0 0 100 kij 0 100 100 kij 0 200 100 kij 0 300 100 kij 0 400 100 kij 0 500 100 kij 0 600 100 kij 0 700 100 kij 0 800 100 kij 0 900 100 kij 0 1000 100 kij 0 1100 100 
kij 100 0 100 kij 100 100 100 kij 100 200 100 kij 100 300 100 kij 100 400 100 kij 100 500 100 kij 100 600 100 kij 100 700 100 kij 100 800 100 kij 100 900 100 kij 100 1000 100 kij 100 1100 100 
kij 200 0 100 kij 200 100 100 kij 200 200 100 kij 200 300 100 kij 200 400 100 kij 200 500 100 kij 200 600 100 kij 200 700 100 kij 200 800 100 kij 200 900 100 kij 200 1000 100 kij 200 1100 100 
kij 300 0 100 kij 300 100 100 kij 300 200 100 kij 300 300 100 kij 300 400 100 kij 300 500 100 kij 300 600 100 kij 300 700 100 kij 300 800 100 kij 300 900 100 kij 300 1000 100 kij 300 1100 100 
kij 400 0 100 kij 400 100 100 kij 400 200 100 kij 400 300 100 kij 400 400 100 kij 400 500 100 kij 400 600 100 kij 400 700 100 kij 400 800 100 kij 400 900 100 kij 400 1000 100 kij 400 1100 100 
kij 500 0 100 kij 500 100 100 kij 500 200 100 kij 500 300 100 kij 500 400 100 kij 500 500 100 kij 500 600 100 kij 500 700 100 kij 500 800 100 kij 500 900 100 kij 500 1000 100 kij 500 1100 100 
kij 600 0 100 kij 600 100 100 kij 600 200 100 kij 600 300 100 kij 600 400 100 kij 600 500 100 kij 600 600 100 kij 600 700 100 kij 600 800 100 kij 600 900 100 kij 600 1000 100 kij 600 1100 100 
kij 700 0 100 kij 700 100 100 kij 700 200 100 kij 700 300 100 kij 700 400 100 kij 700 500 100 kij 700 600 100 kij 700 700 100 kij 700 800 100 kij 700 900 100 kij 700 1000 100 kij 700 1100 100 
kij 800 0 100 kij 800 100 100 kij 800 200 100 kij 800 300 100 kij 800 400 100 kij 800 500 100 kij 800 600 100 kij 800 700 100 kij 800 800 100 kij 800 900 100 kij 800 1000 100 kij 800 1100 100 
kij 900 0 100 kij 900 100 100 kij 900 200 100 kij 900 300 100 kij 900 400 100 kij 900 500 100 kij 900 600 100 kij 900 700 100 kij 900 800 100 kij 900 900 100 kij 900 1000 100 kij 900 1100 100 
kij 1000 0 100 kij 1000 100 100 kij 1000 200 100 kij 1000 300 100 kij 1000 400 100 kij 1000 500 100 kij 1000 600 100 kij 1000 700 100 kij 1000 800 100 kij 1000 900 100 kij 1000 1000 100 kij 1000 1100 100 
kij 1100 0 100 kij 1100 100 100 kij 1100 200 100 kij 1100 300 100 kij 1100 400 100 kij 1100 500 100 kij 1100 600 100 kij 1100 700 100 kij 1100 800 100 kij 1100 900 100 kij 1100 1000 100 kij 1100 1100 100 
kij 0 0 100 kij 0 100 100 kij 0 200 100 kij 0 300 100 kij 0 400 100 kij 0 500 100 kij 0 600 100 kij 0 700 100 kij 0 800 100 kij 0 900 100 kij 0 1000 100 kij 0 1100 100 
kij 100 0 100 kij 100 100 100 kij 100 200 100 kij 100 300 100 kij 100 400 100 kij 100 500 100 kij 100 600 100 kij 100 700 100 kij 100 800 100 kij 100 900 100 kij 100 1000 100 kij 100 1100 100 
kij 200 0 100 kij 200 100 100 kij 200 200 100 kij 200 300 100 kij 200 400 100 kij 200 500 100 kij 200 600 100 kij 200 700 100 kij 200 800 100 kij 200 900 100 kij 200 1000 100 kij 200 1100 100 
kij 300 0 100 kij 300 100 100 kij 300 200 100 kij 300 300 100 kij 300 400 100 kij 300 500 100 kij 300 600 100 kij 300 700 100 kij 300 800 100 kij 300 900 100 kij 300 1000 100 kij 300 1100 100 
kij 400 0 100 kij 400 100 100 kij 400 200 100 kij 400 300 100 kij 400 400 100 kij 400 500 100 kij 400 600 100 kij 400 700 100 kij 400 800 100 kij 400 900 100 kij 400 1000 100 kij 400 1100 100 
kij 500 0 100 kij 500 100 100 kij 500 200 100 kij 500 300 100 kij 500 400 100 kij 500 500 100 kij 500 600 100 kij 500 700 100 kij 500 800 100 kij 500 900 100 kij 500 1000 100 kij 500 1100 100 
kij 600 0 100 kij 600 100 100 kij 600 200 100 kij 600 300 100 kij 600 400 100 kij 600 500 100 kij 600 600 100 kij 600 700 100 kij 600 800 100 kij 600 900 100 kij 600 1000 100 kij 600 1100 100 
kij 700 0 100 kij 700 100 100 kij 700 200 100 kij 700 300 100 kij 700 400 100 kij 700 500 100 kij 700 600 100 kij 700 700 100 kij 700 800 100 kij 700 900 100 kij 700 1000 100 kij 700 1100 100 
kij 800 0 100 kij 800 100 100 kij 800 200 100 kij 800 300 100 kij 800 400 100 kij 800 500 100 kij 800 600 100 kij 800 700 100 kij 800 800 100 kij 800 900 100 kij 800 1000 100 kij 800 1100 100 
kij 900 0 100 kij 900 100 100 kij 900 200 100 kij 900 300 100 kij 900 400 100 kij 900 500 100 kij 900 600 100 kij 900 700 100 kij 900 800 100 kij 900 900 100 kij 900 1000 100 kij 900 1100 100 
kij 1000 0 100 kij 1000 100 100 kij 1000 200 100 kij 1000 300 100 kij 1000 400 100 kij 1000 500 100 kij 1000 600 100 kij 1000 700 100 kij 1000 800 100 kij 1000 900 100 kij 1000 1000 100 kij 1000 1100 100 
kij 1100 0 100 kij 1100 100 100 kij 1100 200 100 kij 1100 300 100 kij 1100 400 100 kij 1100 500 100 kij 1100 600 100 kij 1100 700 100 kij 1100 800 100 kij 1100 900 100 kij 1100 1000 100 kij 1100 1100 100 
1200 2.481422e+01 5.597908e+01 
kij 0 0 100 kij 0 100 100 kij 0 200 100 kij 0 300 100 kij 0 400 100 kij 0 500 100 kij 0 600 100 kij 0 700 100 kij 0 800 100 kij 0 900 100 kij 0 1000 100 kij 0 1100 100 kij 0 1200 100 
kij 100 0 100 kij 100 100 100 kij 100 200 100 kij 100 300 100 kij 100 400 100 kij 100 500 100 kij 100 600 100 kij 100 700 100 kij 100 800 100 kij 100 900 100 kij 100 1000 100 kij 100 1100 100 kij 100 1200 100 
kij 200 0 100 kij 200 100 100 kij 200 200 100 kij 200 300 100 kij 200 400 100 kij 200 500 100 kij 200 600 100 kij 200 700 100 kij 200 800 100 kij 200 900 100 kij 200 1000 100 kij 200 1100 100 kij 200 1200 100 
kij 300 0 100 kij 300 100 100 kij 300 200 100 kij 300 300 100 kij 300 400 100 kij 300 500 100 kij 300 600 100 kij 300 700 100 kij 300 800 100 kij 300 900 100 kij 300 1000 100 kij 300 1100 100 kij 300 1200 100 
kij 400 0 100 kij 400 100 100 kij 400 200 100 kij 400 300 100 kij 400 400 100 kij 400 500 100 kij 400 600 100 kij 400 700 100 kij 400 800 100 kij 400 900 100 kij 400 1000 100 kij 400 1100 100 kij 400 1200 100 
kij 500 0 100 kij 500 100 100 kij 500 200 100 kij 500 300 100 kij 500 400 100 kij 500 500 100 kij 500 600 100 kij 500 700 100 kij 500 800 100 kij 500 900 100 kij 500 1000 100 kij 500 1100 100 kij 500 1200 100 
kij 600 0 100 kij 600 100 100 kij 600 200 100 kij 600 300 100 kij 600 400 100 kij 600 500 100 kij 600 600 100 kij 600 700 100 kij 600 800 100 kij 600 900 100 kij 600 1000 100 kij 600 1100 100 kij 600 1200 100 
kij 700 0 100 kij 700 100 100 kij 700 200 100 kij 700 300 100 kij 700 400 100 kij 700 500 100 kij 700 600 100 kij 700 700 100 kij 700 800 100 kij 700 900 100 kij 700 1000 100 kij 700 1100 100 kij 700 1200 100 
kij 800 0 100 kij 800 100 100 kij 800 200 100 kij 800 300 100 kij 800 400 100 kij 800 500 100 kij 800 600 100 kij 800 700 100 kij 800 800 100 kij 800 900 100 kij 800 1000 100 kij 800 1100 100 kij 800 1200 100 
kij 900 0 100 kij 900 100 100 kij 900 200 100 kij 900 300 100 kij 900 400 100 kij 900 500 100 kij 900 600 100 kij 900 700 100 kij 900 800 100 kij 900 900 100 kij 900 1000 100 kij 900 1100 100 kij 900 1200 100 
kij 1000 0 100 kij 1000 100 100 kij 1000 200 100 kij 1000 300 100 kij 1000 400 100 kij 1000 500 100 kij 1000 600 100 kij 1000 700 100 kij 1000 800 100 kij 1000 900 100 kij 1000 1000 100 kij 1000 1100 100 kij 1000 1200 100 
kij 1100 0 100 kij 1100 100 100 kij 1100 200 100 kij 1100 300 100 kij 1100 400 100 kij 1100 500 100 kij 1100 600 100 kij 1100 700 100 kij 1100 800 100 kij 1100 900 100 kij 1100 1000 100 kij 1100 1100 100 kij 1100 1200 100 
kij 1200 0 100 kij 1200 100 100 kij 1200 200 100 kij 1200 300 100 kij 1200 400 100 kij 1200 500 100 kij 1200 600 100 kij 1200 700 100 kij 1200 800 100 kij 1200 900 100 kij 1200 1000 100 kij 1200 1100 100 kij 1200 1200 100 
kij 0 0 100 kij 0 100 100 kij 0 200 100 kij 0 300 100 kij 0 400 100 kij 0 500 100 kij 0 600 100 kij 0 700 100 kij 0 800 100 kij 0 900 100 kij 0 1000 100 kij 0 1100 100 kij 0 1200 100 
kij 100 0 100 kij 100 100 100 kij 100 200 100 kij 100 300 100 kij 100 400 100 kij 100 500 100 kij 100 600 100 kij 100 700 100 kij 100 800 100 kij 100 900 100 kij 100 1000 100 kij 100 1100 100 kij 100 1200 100 
kij 200 0 100 kij 200 100 100 kij 200 200 100 kij 200 300 100 kij 200 400 100 kij 200 500 100 kij 200 600 100 kij 200 700 100 kij 200 800 100 kij 200 900 100 kij 200 1000 100 kij 200 1100 100 kij 200 1200 100 
kij 300 0 100 kij 300 100 100 kij 300 200 100 kij 300 300 100 kij 300 400 100 kij 300 500 100 kij 300 600 100 kij 300 700 100 kij 300 800 100 kij 300 900 100 kij 300 1000 100 kij 300 1100 100 kij 300 1200 100 
kij 400 0 100 kij 400 100 100 kij 400 200 100 kij 400 300 100 kij 400 400 100 kij 400 500 100 kij 400 600 100 kij 400 700 100 kij 400 800 100 kij 400 900 100 kij 400 1000 100 kij 400 1100 100 kij 400 1200 100 
kij 500 0 100 kij 500 100 100 kij 500 200 100 kij 500 300 100 kij 500 400 100 kij 500 500 100 kij 500 600 100 kij 500 700 100 kij 500 800 100 kij 500 900 100 kij 500 1000 100 kij 500 1100 100 kij 500 1200 100 
kij 600 0 100 kij 600 100 100 kij 600 200 100 kij 600 300 100 kij 600 400 100 kij 600 500 100 kij 600 600 100 kij 600 700 100 kij 600 800 100 kij 600 900 100 kij 600 1000 100 kij 600 1100 100 kij 600 1200 100 
kij 700 0 100 kij 700 100 100 kij 700 200 100 kij 700 300 100 kij 700 400 100 kij 700 500 100 kij 700 600 100 kij 700 700 100 kij 700 800 100 kij 700 900 100 kij 700 1000 100 kij 700 1100 100 kij 700 1200 100 
kij 800 0 100 kij 800 100 100 kij 800 200 100 kij 800 300 100 kij 800 400 100 kij 800 500 100 kij 800 600 100 kij 800 700 100 kij 800 800 100 kij 800 900 100 kij 800 1000 100 kij 800 1100 100 kij 800 1200 100 
kij 900 0 100 kij 900 100 100 kij 900 200 100 kij 900 300 100 kij 900 400 100 kij 900 500 100 kij 900 600 100 kij 900 700 100 kij 900 800 100 kij 900 900 100 kij 900 1000 100 kij 900 1100 100 kij 900 1200 100 
kij 1000 0 100 kij 1000 100 100 kij 1000 200 100 kij 1000 300 100 kij 1000 400 100 kij 1000 500 100 kij 1000 600 100 kij 1000 700 100 kij 1000 800 100 kij 1000 900 100 kij 1000 1000 100 kij 1000 1100 100 kij 1000 1200 100 
kij 1100 0 100 kij 1100 100 100 kij 1100 200 100 kij 1100 300 100 kij 1100 400 100 kij 1100 500 100 kij 1100 600 100 kij 1100 700 100 kij 1100 800 100 kij 1100 900 100 kij 1100 1000 100 kij 1100 1100 100 kij 1100 1200 100 
kij 1200 0 100 kij 1200 100 100 kij 1200 200 100 kij 1200 300 100 kij 1200 400 100 kij 1200 500 100 kij 1200 600 100 kij 1200 700 100 kij 1200 800 100 kij 1200 900 100 kij 1200 1000 100 kij 1200 1100 100 kij 1200 1200 100 
1300 2.669810e+01 6.351517e+01 
kij 0 0 100 kij 0 100 100 kij 0 200 100 kij 0 300 100 kij 0 400 100 kij 0 500 100 kij 0 600 100 kij 0 700 100 kij 0 800 100 kij 0 900 100 kij 0 1000 100 kij 0 1100 100 kij 0 1200 100 kij 0 1300 100 
kij 100 0 100 kij 100 100 100 kij 100 200 100 kij 100 300 100 kij 100 400 100 kij 100 500 100 kij 100 600 100 kij 100 700 100 kij 100 800 100 kij 100 900 100 kij 100 1000 100 kij 100 1100 100 kij 100 1200 100 kij 100 1300 100 
kij 200 0 100 kij 200 100 100 kij 200 200 100 kij 200 300 100 kij 200 400 100 kij 200 500 100 kij 200 600 100 kij 200 700 100 kij 200 800 100 kij 200 900 100 kij 200 1000 100 kij 200 1100 100 kij 200 1200 100 kij 200 1300 100 
kij 300 0 100 kij 300 100 100 kij 300 200 100 kij 300 300 100 kij 300 400 100 kij 300 500 100 kij 300 600 100 kij 300 700 100 kij 300 800 100 kij 300 900 100 kij 300 1000 100 kij 300 1100 100 kij 300 1200 100 kij 300 1300 100 
kij 400 0 100 kij 400 100 100 kij 400 200 100 kij 400 300 100 kij 400 400 100 kij 400 500 100 kij 400 600 100 kij 400 700 100 kij 400 800 100 kij 400 900 100 kij 400 1000 100 kij 400 1100 100 kij 400 1200 100 kij 400 1300 100 
kij 500 0 100 kij 500 100 100 kij 500 200 100 kij 500 300 100 kij 500 400 100 kij 500 500 100 kij 500 600 100 kij 500 700 100 kij 500 800 100 kij 500 900 100 kij 500 1000 100 kij 500 1100 100 kij 500 1200 100 kij 500 1300 100 
kij 600 0 100 kij 600 100 100 kij 600 200 100 kij 600 300 100 kij 600 400 100 kij 600 500 100 kij 600 600 100 kij 600 700 100 kij 600 800 100 kij 600 900 100 kij 600 1000 100 kij 600 1100 100 kij 600 1200 100 kij 600 1300 100 
kij 700 0 100 kij 700 100 100 kij 700 200 100 kij 700 300 100 kij 700 400 100 kij 700 500 100 kij 700 600 100 kij 700 700 100 kij 700 800 100 kij 700 900 100 kij 700 1000 100 kij 700 1100 100 kij 700 1200 100 kij 700 1300 100 
kij 800 0 100 kij 800 100 100 kij 800 200 100 kij 800 300 100 kij 800 400 100 kij 800 500 100 kij 800 600 100 kij 800 700 100 kij 800 800 100 kij 800 900 100 kij 800 1000 100 kij 800 1100 100 kij 800 1200 100 kij 800 1300 100 
kij 900 0 100 kij 900 100 100 kij 900 200 100 kij 900 300 100 kij 900 400 100 kij 900 500 100 kij 900 600 100 kij 900 700 100 kij 900 800 100 kij 900 900 100 kij 900 1000 100 kij 900 1100 100 kij 900 1200 100 kij 900 1300 100 
kij 1000 0 100 kij 1000 100 100 kij 1000 200 100 kij 1000 300 100 kij 1000 400 100 kij 1000 500 100 kij 1000 600 100 kij 1000 700 100 kij 1000 800 100 kij 1000 900 100 kij 1000 1000 100 kij 1000 1100 100 kij 1000 1200 100 kij 1000 1300 100 
kij 1100 0 100 kij 1100 100 100 kij 1100 200 100 kij 1100 300 100 kij 1100 400 100 kij 1100 500 100 kij 1100 600 100 kij 1100 700 100 kij 1100 800 100 kij 1100 900 100 kij 1100 1000 100 kij 1100 1100 100 kij 1100 1200 100 kij 1100 1300 100 
kij 1200 0 100 kij 1200 100 100 kij 1200 200 100 kij 1200 300 100 kij 1200 400 100 kij 1200 500 100 kij 1200 600 100 kij 1200 700 100 kij 1200 800 100 kij 1200 900 100 kij 1200 1000 100 kij 1200 1100 100 kij 1200 1200 100 kij 1200 1300 100 
kij 1300 0 100 kij 1300 100 100 kij 1300 200 100 kij 1300 300 100 kij 1300 400 100 kij 1300 500 100 kij 1300 600 100 kij 1300 700 100 kij 1300 800 100 kij 1300 900 100 kij 1300 1000 100 kij 1300 1100 100 kij 1300 1200 100 kij 1300 1300 100 
kij 0 0 100 kij 0 100 100 kij 0 200 100 kij 0 300 100 kij 0 400 100 kij 0 500 100 kij 0 600 100 kij 0 700 100 kij 0 800 100 kij 0 900 100 kij 0 1000 100 kij 0 1100 100 kij 0 1200 100 kij 0 1300 100 
kij 100 0 100 kij 100 100 100 kij 100 200 100 kij 100 300 100 kij 100 400 100 kij 100 500 100 kij 100 600 100 kij 100 700 100 kij 100 800 100 kij 100 900 100 kij 100 1000 100 kij 100 1100 100 kij 100 1200 100 kij 100 1300 100 
kij 200 0 100 kij 200 100 100 kij 200 200 100 kij 200 300 100 kij 200 400 100 kij 200 500 100 kij 200 600 100 kij 200 700 100 kij 200 800 100 kij 200 900 100 kij 200 1000 100 kij 200 1100 100 kij 200 1200 100 kij 200 1300 100 
kij 300 0 100 kij 300 100 100 kij 300 200 100 kij 300 300 100 kij 300 400 100 kij 300 500 100 kij 300 600 100 kij 300 700 100 kij 300 800 100 kij 300 900 100 kij 300 1000 100 kij 300 1100 100 kij 300 1200 100 kij 300 1300 100 
kij 400 0 100 kij 400 100 100 kij 400 200 100 kij 400 300 100 kij 400 400 100 kij 400 500 100 kij 400 600 100 kij 400 700 100 kij 400 800 100 kij 400 900 100 kij 400 1000 100 kij 400 1100 100 kij 400 1200 100 kij 400 1300 100 
kij 500 0 100 kij 500 100 100 kij 500 200 100 kij 500 300 100 kij 500 400 100 kij 500 500 100 kij 500 600 100 kij 500 700 100 kij 500 800 100 kij 500 900 100 kij 500 1000 100 kij 500 1100 100 kij 500 1200 100 kij 500 1300 100 
kij 600 0 100 kij 600 100 100 kij 600 200 100 kij 600 300 100 kij 600 400 100 kij 600 500 100 kij 600 600 100 kij 600 700 100 kij 600 800 100 kij 600 900 100 kij 600 1000 100 kij 600 1100 100 kij 600 1200 100 kij 600 1300 100 
kij 700 0 100 kij 700 100 100 kij 700 200 100 kij 700 300 100 kij 700 400 100 kij 700 500 100 kij 700 600 100 kij 700 700 100 kij 700 800 100 kij 700 900 100 kij 700 1000 100 kij 700 1100 100 kij 700 1200 100 kij 700 1300 100 
kij 800 0 100 kij 800 100 100 kij 800 200 100 kij 800 300 100 kij 800 400 100 kij 800 500 100 kij 800 600 100 kij 800 700 100 kij 800 800 100 kij 800 900 100 kij 800 1000 100 kij 800 1100 100 kij 800 1200 100 kij 800 1300 100 
kij 900 0 100 kij 900 100 100 kij 900 200 100 kij 900 300 100 kij 900 400 100 kij 900 500 100 kij 900 600 100 kij 900 700 100 kij 900 800 100 kij 900 900 100 kij 900 1000 100 kij 900 1100 100 kij 900 1200 100 kij 900 1300 100 
kij 1000 0 100 kij 1000 100 100 kij 1000 200 100 kij 1000 300 100 kij 1000 400 100 kij 1000 500 100 kij 1000 600 100 kij 1000 700 100 kij 1000 800 100 kij 1000 900 100 kij 1000 1000 100 kij 1000 1100 100 kij 1000 1200 100 kij 1000 1300 100 
kij 1100 0 100 kij 1100 100 100 kij 1100 200 100 kij 1100 300 100 kij 1100 400 100 kij 1100 500 100 kij 1100 600 100 kij 1100 700 100 kij 1100 800 100 kij 1100 900 100 kij 1100 1000 100 kij 1100 1100 100 kij 1100 1200 100 kij 1100 1300 100 
kij 1200 0 100 kij 1200 100 100 kij 1200 200 100 kij 1200 300 100 kij 1200 400 100 kij 1200 500 100 kij 1200 600 100 kij 1200 700 100 kij 1200 800 100 kij 1200 900 100 kij 1200 1000 100 kij 1200 1100 100 kij 1200 1200 100 kij 1200 1300 100 
kij 1300 0 100 kij 1300 100 100 kij 1300 200 100 kij 1300 300 100 kij 1300 400 100 kij 1300 500 100 kij 1300 600 100 kij 1300 700 100 kij 1300 800 100 kij 1300 900 100 kij 1300 1000 100 kij 1300 1100 100 kij 1300 1200 100 kij 1300 1300 100 
1400 2.900757e+01 6.479746e+01 
kij 0 0 100 kij 0 100 100 kij 0 200 100 kij 0 300 100 kij 0 400 100 kij 0 500 100 kij 0 600 100 kij 0 700 100 kij 0 800 100 kij 0 900 100 kij 0 1000 100 kij 0 1100 100 kij 0 1200 100 kij 0 1300 100 kij 0 1400 100 
kij 100 0 100 kij 100 100 100 kij 100 200 100 kij 100 300 100 kij 100 400 100 kij 100 500 100 kij 100 600 100 kij 100 700 100 kij 100 800 100 kij 100 900 100 kij 100 1000 100 kij 100 1100 100 kij 100 1200 100 kij 100 1300 100 kij 100 1400 100 
kij 200 0 100 kij 200 100 100 kij 200 200 100 kij 200 300 100 kij 200 400 100 kij 200 500 100 kij 200 600 100 kij 200 700 100 kij 200 800 100 kij 200 900 100 kij 200 1000 100 kij 200 1100 100 kij 200 1200 100 kij 200 1300 100 kij 200 1400 100 
kij 300 0 100 kij 300 100 100 kij 300 200 100 kij 300 300 100 kij 300 400 100 kij 300 500 100 kij 300 600 100 kij 300 700 100 kij 300 800 100 kij 300 900 100 kij 300 1000 100 kij 300 1100 100 kij 300 1200 100 kij 300 1300 100 kij 300 1400 100 
kij 400 0 100 kij 400 100 100 kij 400 200 100 kij 400 300 100 kij 400 400 100 kij 400 500 100 kij 400 600 100 kij 400 700 100 kij 400 800 100 kij 400 900 100 kij 400 1000 100 kij 400 1100 100 kij 400 1200 100 kij 400 1300 100 kij 400 1400 100 
kij 500 0 100 kij 500 100 100 kij 500 200 100 kij 500 300 100 kij 500 400 100 kij 500 500 100 kij 500 600 100 kij 500 700 100 kij 500 800 100 kij 500 900 100 kij 500 1000 100 kij 500 1100 100 kij 500 1200 100 kij 500 1300 100 kij 500 1400 100 
kij 600 0 100 kij 600 100 100 kij 600 200 100 kij 600 300 100 kij 600 400 100 kij 600 500 100 kij 600 600 100 kij 600 700 100 kij 600 800 100 kij 600 900 100 kij 600 1000 100 kij 600 1100 100 kij 600 1200 100 kij 600 1300 100 kij 600 1400 100 
kij 700 0 100 kij 700 100 100 kij 700 200 100 kij 700 300 100 kij 700 400 100 kij 700 500 100 kij 700 600 100 kij 700 700 100 kij 700 800 100 kij 700 900 100 kij 700 1000 100 kij 700 1100 100 kij 700 1200 100 kij 700 1300 100 kij 700 1400 100 
kij 800 0 100 kij 800 100 100 kij 800 200 100 kij 800 300 100 kij 800 400 100 kij 800 500 100 kij 800 600 100 kij 800 700 100 kij 800 800 100 kij 800 900 100 kij 800 1000 100 kij 800 1100 100 kij 800 1200 100 kij 800 1300 100 kij 800 1400 100 
kij 900 0 100 kij 900 100 100 kij 900 200 100 kij 900 300 100 kij 900 400 100 kij 900 500 100 kij 900 600 100 kij 900 700 100 kij 900 800 100 kij 900 900 100 kij 900 1000 100 kij 900 1100 100 kij 900 1200 100 kij 900 1300 100 kij 900 1400 100 
kij 1000 0 100 kij 1000 100 100 kij 1000 200 100 kij 1000 300 100 kij 1000 400 100 kij 1000 500 100 kij 1000 600 100 kij 1000 700 100 kij 1000 800 100 kij 1000 900 100 kij 1000 1000 100 kij 1000 1100 100 kij 1000 1200 100 kij 1000 1300 100 kij 1000 1400 100 
kij 1100 0 100 kij 1100 100 100 kij 1100 200 100 kij 1100 300 100 kij 1100 400 100 kij 1100 500 100 kij 1100 600 100 kij 1100 700 100 kij 1100 800 100 kij 1100 900 100 kij 1100 1000 100 kij 1100 1100 100 kij 1100 1200 100 kij 1100 1300 100 kij 1100 1400 100 
kij 1200 0 100 kij 1200 100 100 kij 1200 200 100 kij 1200 300 100 kij 1200 400 100 kij 1200 500 100 kij 1200 600 100 kij 1200 700 100 kij 1200 800 100 kij 1200 900 100 kij 1200 1000 100 kij 1200 1100 100 kij 1200 1200 100 kij 1200 1300 100 kij 1200 1400 100 
kij 1300 0 100 kij 1300 100 100 kij 1300 200 100 kij 1300 300 100 kij 1300 400 100 kij 1300 500 100 kij 1300 600 100 kij 1300 700 100 kij 1300 800 100 kij 1300 900 100 kij 1300 1000 100 kij 1300 1100 100 kij 1300 1200 100 kij 1300 1300 100 kij 1300 1400 100 
kij 1400 0 100 kij 1400 100 100 kij 1400 200 100 kij 1400 300 100 kij 1400 400 100 kij 1400 500 100 kij 1400 600 100 kij 1400 700 100 kij 1400 800 100 kij 1400 900 100 kij 1400 1000 100 kij 1400 1100 100 kij 1400 1200 100 kij 1400 1300 100 kij 1400 1400 100 
kij 0 0 100 kij 0 100 100 kij 0 200 100 kij 0 300 100 kij 0 400 100 kij 0 500 100 kij 0 600 100 kij 0 700 100 kij 0 800 100 kij 0 900 100 kij 0 1000 100 kij 0 1100 100 kij 0 1200 100 kij 0 1300 100 kij 0 1400 100 
kij 100 0 100 kij 100 100 100 kij 100 200 100 kij 100 300 100 kij 100 400 100 kij 100 500 100 kij 100 600 100 kij 100 700 100 kij 100 800 100 kij 100 900 100 kij 100 1000 100 kij 100 1100 100 kij 100 1200 100 kij 100 1300 100 kij 100 1400 100 
kij 200 0 100 kij 200 100 100 kij 200 200 100 kij 200 300 100 kij 200 400 100 kij 200 500 100 kij 200 600 100 kij 200 700 100 kij 200 800 100 kij 200 900 100 kij 200 1000 100 kij 200 1100 100 kij 200 1200 100 kij 200 1300 100 kij 200 1400 100 
kij 300 0 100 kij 300 100 100 kij 300 200 100 kij 300 300 100 kij 300 400 100 kij 300 500 100 kij 300 600 100 kij 300 700 100 kij 300 800 100 kij 300 900 100 kij 300 1000 100 kij 300 1100 100 kij 300 1200 100 kij 300 1300 100 kij 300 1400 100 
kij 400 0 100 kij 400 100 100 kij 400 200 100 kij 400 300 100 kij 400 400 100 kij 400 500 100 kij 400 600 100 kij 400 700 100 kij 400 800 100 kij 400 900 100 kij 400 1000 100 kij 400 1100 100 kij 400 1200 100 kij 400 1300 100 kij 400 1400 100 
kij 500 0 100 kij 500 100 100 kij 500 200 100 kij 500 300 100 kij 500 400 100 kij 500 500 100 kij 500 600 100 kij 500 700 100 kij 500 800 100 kij 500 900 100 kij 500 1000 100 kij 500 1100 100 kij 500 1200 100 kij 500 1300 100 kij 500 1400 100 
kij 600 0 100 kij 600 100 100 kij 600 200 100 kij 600 300 100 kij 600 400 100 kij 600 500 100 kij 600 600 100 kij 600 700 100 kij 600 800 100 kij 600 900 100 kij 600 1000 100 kij 600 1100 100 kij 600 1200 100 kij 600 1300 100 kij 600 1400 100 
kij 700 0 100 kij 700 100 100 kij 700 200 100 kij 700 300 100 kij 700 400 100 kij 700 500 100 kij 700 600 100 kij 700 700 100 kij 700 800 100 kij 700 900 100 kij 700 1000 100 kij 700 1100 100 kij 700 1200 100 kij 700 1300 100 kij 700 1400 100 
kij 800 0 100 kij 800 100 100 kij 800 200 100 kij 800 300 100 kij 800 400 100 kij 800 500 100 kij 800 600 100 kij 800 700 100 kij 800 800 100 kij 800 900 100 kij 800 1000 100 kij 800 1100 100 kij 800 1200 100 kij 800 1300 100 kij 800 1400 100 
kij 900 0 100 kij 900 100 100 kij 900 200 100 kij 900 300 100 kij 900 400 100 kij 900 500 100 kij 900 600 100 kij 900 700 100 kij 900 800 100 kij 900 900 100 kij 900 1000 100 kij 900 1100 100 kij 900 1200 100 kij 900 1300 100 kij 900 1400 100 
kij 1000 0 100 kij 1000 100 100 kij 1000 200 100 kij 1000 300 100 kij 1000 400 100 kij 1000 500 100 kij 1000 600 100 kij 1000 700 100 kij 1000 800 100 kij 1000 900 100 kij 1000 1000 100 kij 1000 1100 100 kij 1000 1200 100 kij 1000 1300 100 kij 1000 1400 100 
kij 1100 0 100 kij 1100 100 100 kij 1100 200 100 kij 1100 300 100 kij 1100 400 100 kij 1100 500 100 kij 1100 600 100 kij 1100 700 100 kij 1100 800 100 kij 1100 900 100 kij 1100 1000 100 kij 1100 1100 100 kij 1100 1200 100 kij 1100 1300 100 kij 1100 1400 100 
kij 1200 0 100 kij 1200 100 100 kij 1200 200 100 kij 1200 300 100 kij 1200 400 100 kij 1200 500 100 kij 1200 600 100 kij 1200 700 100 kij 1200 800 100 kij 1200 900 100 kij 1200 1000 100 kij 1200 1100 100 kij 1200 1200 100 kij 1200 1300 100 kij 1200 1400 100 
kij 1300 0 100 kij 1300 100 100 kij 1300 200 100 kij 1300 300 100 kij 1300 400 100 kij 1300 500 100 kij 1300 600 100 kij 1300 700 100 kij 1300 800 100 kij 1300 900 100 kij 1300 1000 100 kij 1300 1100 100 kij 1300 1200 100 kij 1300 1300 100 kij 1300 1400 100 
kij 1400 0 100 kij 1400 100 100 kij 1400 200 100 kij 1400 300 100 kij 1400 400 100 kij 1400 500 100 kij 1400 600 100 kij 1400 700 100 kij 1400 800 100 kij 1400 900 100 kij 1400 1000 100 kij 1400 1100 100 kij 1400 1200 100 kij 1400 1300 100 kij 1400 1400 100 
1500 2.831970e+01 6.667803e+01 
];
